n_estimators: 180
learning_rate: 0.13630829348228335
max_depth: 5
num_leaves: 120
min_child_samples: 67
subsample: 0.845596808791214
colsample_bytree: 0.7578914591574029
