n_estimators: 144
learning_rate: 0.2571804594386859
max_depth: 4
num_leaves: 89
min_child_samples: 33
subsample: 0.6561121945347306
colsample_bytree: 0.5098153988716025
