n_estimators: 69
learning_rate: 0.1674943362290624
max_depth: 10
num_leaves: 55
min_child_samples: 42
subsample: 0.581311857715476
colsample_bytree: 0.5553243617827157
