accuracy: 0.8754811297175706
precision: 0.5888077858880778
recall: 0.09438377535101404
f1_score: 0.1626890756302521
