accuracy: 0.8761809547613096
precision: 0.5919661733615222
recall: 0.10920436817472699
f1_score: 0.18439249259137305
