accuracy: 0.8763309172706824
precision: 0.6147959183673469
recall: 0.09399375975039001
f1_score: 0.16305818673883626
