accuracy: 0.8755311172206949
precision: 0.5848623853211009
recall: 0.09945397815912636
f1_score: 0.17
